120.0
73.68
59.67
54.29
52.18
51.48
51.33
51.29
51.2
51.27
51.48
51.86
52.43
53.11
53.8
54.45
55.04
55.63
56.26
56.95
57.67
58.37
59.04
59.69
60.36
61.08
61.82
62.56
63.28
63.98
64.71
65.47
66.26
67.03
67.78
68.54
69.34
70.16
70.98
71.79
72.6
73.44
74.31
75.18
76.03
76.9
77.79
78.71
79.63
80.54
81.47
82.44
83.41
84.38
85.36
86.38
87.41
88.45
89.49
90.56
91.66
92.76
93.88
95.03
96.2
97.37
98.57
99.81
101.07
102.33
103.64
104.98
106.34
107.72
109.16
110.62
112.1
113.65
115.23
116.84
118.52
120.0
120.0
