120.0
73.68
59.67
54.29
52.18
51.49
51.35
51.55
51.8
52.08
52.44
52.95
53.59
54.29
54.98
55.61
56.18
56.77
57.41
58.11
58.82
59.5
60.15
60.79
61.47
62.19
62.93
63.65
64.34
65.04
65.77
66.54
67.31
68.06
68.8
69.56
70.36
71.17
71.97
72.75
73.56
74.4
75.26
76.1
76.94
77.8
78.7
79.6
80.49
81.39
82.32
83.28
84.22
85.17
86.15
87.16
88.17
89.17
90.21
91.28
92.35
93.42
94.53
95.66
96.8
97.96
99.15
100.36
101.59
102.83
104.12
105.43
106.76
108.12
109.53
110.95
112.41
113.92
115.46
117.05
118.69
120.0
120.0
